age,MeanRA,MedianRA,5thPercentileRA,95thPercentileRA
500.0,0.00460700682422,0.004,0.00290920221499,0.00902260335318
600.0,0.00464046021125,0.004,0.00247858752817,0.00922198462694
700.0,0.00470272822906,0.004,0.00214814814815,0.00954293854294
800.0,0.00480260522436,0.004,0.00200136349723,0.00995496300455
900.0,0.00495880439314,0.004,0.002,0.0106527682378
1000.0,0.00509169487193,0.004,0.002,0.0110590570775
1100.0,0.00521036755169,0.004,0.002,0.0112525638982
1200.0,0.0051782493601,0.004,0.002,0.0114257966429
1300.0,0.005304,0.004,0.002,0.013
1400.0,0.0050321742165,0.004,0.002,0.011187680724
1500.0,0.00510087912846,0.004,0.002,0.011149607619
1600.0,0.00524419128744,0.004,0.002,0.012
1700.0,0.00523,0.004,0.002,0.012
1800.0,0.005181,0.004,0.002,0.012
1900.0,0.005149,0.004,0.002,0.012
2000.0,0.00522116061949,0.004,0.002,0.012
2100.0,0.00490349450468,0.004,0.002,0.0108560606061
2200.0,0.00501842778906,0.004,0.002,0.0112893378227
2300.0,0.00498146057157,0.004,0.002,0.011
2400.0,0.004948,0.004,0.002,0.011
2500.0,0.004989,0.004,0.002,0.011
2600.0,0.00518901189934,0.004,0.002,0.0119705357143
2700.0,0.00512989311537,0.004,0.002,0.012
2800.0,0.00506066830623,0.004,0.002,0.012
2900.0,0.00511449627227,0.004,0.002,0.0127407407407
3000.0,0.005082,0.004,0.002,0.013
3100.0,0.00488234909505,0.004,0.002,0.0115208333333
3200.0,0.004879,0.004,0.002,0.012
3300.0,0.004642,0.003,0.002,0.011
3400.0,0.004576,0.003,0.002,0.011
3500.0,0.004025,0.003,0.002,0.008
3600.0,0.003421,0.003,0.002,0.007
3700.0,0.00340299122801,0.002296,0.001,0.007704
